final results for perameter learning rate. 

model:  model1_deep
params:  learning_rate__0.001
accuracy: 0.133  0.236  0.267  0.281  0.294  0.309  0.327  0.348  0.368  0.388  0.409  0.433  0.458  0.480  0.504  0.523  0.541  0.556  0.580  0.602  
val_accuracy: 0.192  0.253  0.274  0.290  0.305  0.332  0.344  0.366  0.399  0.425  0.442  0.459  0.493  0.514  0.533  0.553  0.578  0.599  0.612  0.638  
last epoch accuracy (test, val) : 0.6017, 0.6384

model:  model1_deep
params:  learning_rate__0.01
accuracy: 0.319  0.531  0.647  0.740  0.797  0.834  0.865  0.882  0.894  0.905  0.912  0.918  0.922  0.927  0.931  0.934  0.937  0.939  0.941  0.944  
val_accuracy: 0.481  0.634  0.730  0.784  0.816  0.852  0.881  0.897  0.910  0.919  0.925  0.932  0.934  0.938  0.945  0.948  0.945  0.947  0.947  0.947  
last epoch accuracy (test, val) : 0.9441, 0.9466

model:  model1_deep
params:  learning_rate__0.1
accuracy: 0.734  0.906  0.938  0.950  0.959  0.965  0.972  0.975  0.979  0.981  0.983  0.984  0.983  0.988  0.990  0.992  0.994  0.994  0.995  0.996  
val_accuracy: 0.851  0.941  0.922  0.945  0.945  0.953  0.955  0.960  0.956  0.962  0.944  0.956  0.956  0.952  0.956  0.958  0.963  0.958  0.959  0.962  
last epoch accuracy (test, val) : 0.9959, 0.9616

model:  model1_deep
params:  learning_rate__1
accuracy: 0.224  0.251  0.288  0.293  0.291  0.285  0.285  0.287  0.285  0.297  0.295  0.290  0.291  0.293  0.187  0.162  0.167  0.168  0.168  0.308  
val_accuracy: 0.145  0.278  0.303  0.303  0.327  0.300  0.255  0.244  0.300  0.300  0.300  0.300  0.301  0.301  0.162  0.166  0.166  0.166  0.253  0.299  
last epoch accuracy (test, val) : 0.3076, 0.2986

model:  model1_deep
params:  learning_rate__10
accuracy: 0.163  0.164  0.164  0.164  0.164  0.164  0.164  0.164  0.164  0.164  0.164  0.164  0.164  0.164  0.164  0.164  0.164  0.164  0.164  0.164  
val_accuracy: 0.162  0.162  0.162  0.162  0.162  0.162  0.162  0.162  0.162  0.162  0.162  0.162  0.162  0.162  0.162  0.162  0.162  0.162  0.162  0.162  
last epoch accuracy (test, val) : 0.1640, 0.1616

model:  model2_local_no_weight_share
params:  learning_rate__0.001
accuracy: 0.153  0.164  0.164  0.164  0.164  0.164  0.164  0.164  0.164  0.164  0.164  0.164  0.164  0.164  0.164  0.164  0.164  0.164  0.164  0.164  
val_accuracy: 0.162  0.162  0.162  0.162  0.162  0.162  0.162  0.162  0.162  0.162  0.162  0.162  0.162  0.162  0.162  0.162  0.162  0.162  0.162  0.162  
last epoch accuracy (test, val) : 0.1640, 0.1616

model:  model2_local_no_weight_share
params:  learning_rate__0.01
accuracy: 0.167  0.164  0.164  0.164  0.164  0.164  0.164  0.164  0.164  0.164  0.164  0.164  0.164  0.164  0.164  0.164  0.164  0.164  0.164  0.164  
val_accuracy: 0.162  0.162  0.162  0.162  0.162  0.162  0.162  0.162  0.162  0.162  0.162  0.162  0.162  0.162  0.162  0.162  0.162  0.162  0.162  0.162  
last epoch accuracy (test, val) : 0.1640, 0.1616

model:  model2_local_no_weight_share
params:  learning_rate__0.1
accuracy: 0.164  0.164  0.216  0.299  0.477  0.729  0.800  0.837  0.853  0.862  0.866  0.873  0.877  0.881  0.884  0.890  0.895  0.898  0.904  0.910  
val_accuracy: 0.162  0.162  0.299  0.301  0.674  0.788  0.840  0.858  0.871  0.866  0.863  0.866  0.879  0.892  0.874  0.892  0.904  0.908  0.925  0.919  
last epoch accuracy (test, val) : 0.9099, 0.9192

model:  model2_local_no_weight_share
params:  learning_rate__1
accuracy: 0.384  0.837  0.904  0.935  0.947  0.958  0.964  0.969  0.975  0.975  0.983  0.984  0.986  0.987  0.990  0.991  0.997  0.997  0.998  0.999  
val_accuracy: 0.677  0.874  0.884  0.948  0.904  0.945  0.970  0.978  0.940  0.975  0.974  0.971  0.977  0.959  0.973  0.968  0.977  0.949  0.975  0.979  
last epoch accuracy (test, val) : 0.9991, 0.9795

model:  model2_local_no_weight_share
params:  learning_rate__10
accuracy: 0.131  0.133  0.132  0.132  0.140  0.139  0.130  0.138  0.123  0.141  0.134  0.131  0.138  0.137  0.128  0.139  0.129  0.134  0.141  0.136  
val_accuracy: 0.162  0.141  0.073  0.162  0.111  0.073  0.111  0.085  0.162  0.162  0.085  0.162  0.111  0.079  0.141  0.073  0.162  0.141  0.141  0.141  
last epoch accuracy (test, val) : 0.1357, 0.1411

model:  model3_local_weight_share_basically_CNN
params:  learning_rate__0.001
accuracy: 0.191  0.324  0.428  0.504  0.574  0.631  0.680  0.719  0.748  0.777  0.797  0.813  0.824  0.836  0.841  0.851  0.857  0.864  0.868  0.871  
val_accuracy: 0.288  0.405  0.485  0.542  0.627  0.686  0.716  0.752  0.789  0.807  0.825  0.836  0.849  0.863  0.868  0.870  0.874  0.878  0.881  0.888  
last epoch accuracy (test, val) : 0.8714, 0.8877

model:  model3_local_weight_share_basically_CNN
params:  learning_rate__0.01
accuracy: 0.474  0.778  0.844  0.874  0.889  0.904  0.909  0.919  0.928  0.933  0.936  0.941  0.943  0.950  0.951  0.957  0.958  0.959  0.962  0.963  
val_accuracy: 0.695  0.823  0.851  0.885  0.900  0.905  0.912  0.910  0.915  0.933  0.940  0.945  0.945  0.956  0.947  0.951  0.960  0.958  0.966  0.959  
last epoch accuracy (test, val) : 0.9630, 0.9589

model:  model3_local_weight_share_basically_CNN
params:  learning_rate__0.1
accuracy: 0.809  0.930  0.951  0.960  0.967  0.973  0.976  0.973  0.982  0.982  0.984  0.986  0.988  0.989  0.992  0.993  0.992  0.994  0.995  0.996  
val_accuracy: 0.916  0.948  0.945  0.949  0.968  0.958  0.962  0.974  0.979  0.966  0.982  0.968  0.951  0.982  0.981  0.978  0.977  0.979  0.975  0.979  
last epoch accuracy (test, val) : 0.9963, 0.9795

model:  model3_local_weight_share_basically_CNN
params:  learning_rate__1
accuracy: 0.159  0.164  0.161  0.162  0.163  0.163  0.163  0.160  0.160  0.163  0.161  0.164  0.160  0.164  0.161  0.162  0.162  0.162  0.161  0.164  
val_accuracy: 0.162  0.162  0.162  0.162  0.162  0.162  0.162  0.162  0.162  0.162  0.162  0.141  0.162  0.162  0.162  0.162  0.162  0.162  0.162  0.141  
last epoch accuracy (test, val) : 0.1642, 0.1411

model:  model3_local_weight_share_basically_CNN
params:  learning_rate__10
accuracy: 0.160  0.162  0.162  0.162  0.162  0.162  0.162  0.162  0.162  0.162  0.162  0.162  0.162  0.162  0.162  0.162  0.162  0.162  0.162  0.162  
val_accuracy: 0.155  0.155  0.155  0.155  0.155  0.155  0.155  0.155  0.155  0.155  0.155  0.155  0.155  0.155  0.155  0.155  0.155  0.155  0.155  0.155  
last epoch accuracy (test, val) : 0.1622, 0.1548

