final results for perameter learning rate. 

model:  model1_deep
params:  learning_rate__0.1__decay_0.0
accuracy: 0.708  0.909  0.933  0.947  0.954  0.962  0.970  0.972  0.975  0.978  0.982  0.983  0.986  0.988  0.990  0.990  0.992  0.992  0.995  0.994  
val_accuracy: 0.885  0.930  0.948  0.958  0.959  0.956  0.959  0.953  0.949  0.959  0.955  0.959  0.958  0.956  0.952  0.953  0.947  0.958  0.951  0.958  
last epoch accuracy (test, val) : 0.9939, 0.9575

model:  model1_deep
params:  learning_rate__0.1__decay_0.005
accuracy: 0.744  0.917  0.935  0.946  0.952  0.956  0.960  0.963  0.965  0.967  0.969  0.970  0.971  0.973  0.972  0.974  0.975  0.976  0.977  0.978  
val_accuracy: 0.897  0.930  0.933  0.951  0.945  0.940  0.953  0.955  0.955  0.951  0.949  0.948  0.947  0.947  0.947  0.949  0.947  0.949  0.949  0.951  
last epoch accuracy (test, val) : 0.9777, 0.9507

model:  model1_deep
params:  learning_rate__1__decay_0.0
accuracy: 0.253  0.355  0.362  0.393  0.372  0.429  0.331  0.442  0.323  0.262  0.279  0.290  0.297  0.310  0.294  0.281  0.318  0.355  0.352  0.376  
val_accuracy: 0.362  0.353  0.396  0.448  0.397  0.318  0.389  0.440  0.301  0.238  0.284  0.249  0.326  0.326  0.174  0.301  0.379  0.379  0.440  0.396  
last epoch accuracy (test, val) : 0.3765, 0.3959

model:  model1_deep
params:  learning_rate__1__decay_0.05
accuracy: 0.555  0.870  0.921  0.933  0.943  0.945  0.948  0.953  0.956  0.959  0.960  0.961  0.963  0.964  0.967  0.966  0.966  0.968  0.968  0.968  
val_accuracy: 0.744  0.926  0.937  0.940  0.948  0.947  0.944  0.945  0.948  0.948  0.948  0.947  0.949  0.951  0.951  0.949  0.952  0.958  0.952  0.952  
last epoch accuracy (test, val) : 0.9681, 0.9521

model:  model1_deep
params:  learning_rate__10__decay_0.0
accuracy: 0.094  0.102  0.102  0.102  0.102  0.102  0.102  0.102  0.102  0.102  0.102  0.102  0.102  0.102  0.102  0.102  0.102  0.102  0.102  0.102  
val_accuracy: 0.085  0.085  0.085  0.085  0.085  0.085  0.085  0.085  0.085  0.085  0.085  0.085  0.085  0.085  0.085  0.085  0.085  0.085  0.085  0.085  
last epoch accuracy (test, val) : 0.1020, 0.0849

model:  model1_deep
params:  learning_rate__10__decay_0.5
accuracy: 0.089  0.088  0.088  0.088  0.088  0.088  0.088  0.088  0.088  0.088  0.088  0.088  0.088  0.088  0.088  0.088  0.088  0.088  0.088  0.088  
val_accuracy: 0.099  0.099  0.099  0.099  0.099  0.099  0.099  0.099  0.099  0.099  0.099  0.099  0.099  0.099  0.099  0.099  0.099  0.099  0.099  0.099  
last epoch accuracy (test, val) : 0.0884, 0.0986

model:  model2_local_no_weight_share
params:  learning_rate__0.1__decay_0.0
accuracy: 0.165  0.164  0.208  0.265  0.379  0.714  0.807  0.835  0.849  0.861  0.867  0.873  0.881  0.883  0.892  0.895  0.895  0.899  0.904  0.909  
val_accuracy: 0.162  0.162  0.162  0.301  0.551  0.804  0.838  0.842  0.874  0.877  0.879  0.882  0.868  0.899  0.903  0.904  0.899  0.905  0.897  0.901  
last epoch accuracy (test, val) : 0.9095, 0.9014

model:  model2_local_no_weight_share
params:  learning_rate__0.1__decay_0.005
accuracy: 0.166  0.164  0.164  0.164  0.164  0.168  0.288  0.298  0.301  0.301  0.301  0.301  0.301  0.302  0.317  0.370  0.418  0.473  0.512  0.553  
val_accuracy: 0.162  0.162  0.162  0.162  0.162  0.241  0.290  0.301  0.303  0.303  0.303  0.303  0.303  0.305  0.359  0.419  0.467  0.507  0.533  0.560  
last epoch accuracy (test, val) : 0.5525, 0.5603

model:  model2_local_no_weight_share
params:  learning_rate__1__decay_0.0
accuracy: 0.380  0.828  0.902  0.929  0.947  0.952  0.964  0.970  0.973  0.973  0.981  0.984  0.984  0.987  0.989  0.988  0.992  0.994  0.996  0.997  
val_accuracy: 0.758  0.881  0.915  0.933  0.900  0.945  0.933  0.963  0.970  0.964  0.977  0.974  0.975  0.958  0.974  0.971  0.974  0.975  0.970  0.975  
last epoch accuracy (test, val) : 0.9974, 0.9753

model:  model2_local_no_weight_share
params:  learning_rate__1__decay_0.05
accuracy: 0.178  0.300  0.419  0.566  0.685  0.733  0.758  0.774  0.785  0.794  0.797  0.800  0.803  0.809  0.814  0.815  0.819  0.821  0.823  0.824  
val_accuracy: 0.296  0.301  0.515  0.653  0.733  0.764  0.781  0.793  0.800  0.805  0.805  0.810  0.816  0.819  0.826  0.825  0.823  0.832  0.836  0.832  
last epoch accuracy (test, val) : 0.8240, 0.8315

model:  model2_local_no_weight_share
params:  learning_rate__10__decay_0.0
accuracy: 0.122  0.138  0.133  0.132  0.138  0.130  0.138  0.134  0.128  0.133  0.131  0.132  0.134  0.135  0.140  0.128  0.126  0.137  0.130  0.135  
val_accuracy: 0.141  0.085  0.141  0.162  0.141  0.079  0.141  0.162  0.141  0.079  0.162  0.085  0.099  0.162  0.162  0.162  0.141  0.162  0.141  0.073  
last epoch accuracy (test, val) : 0.1346, 0.0726

model:  model2_local_no_weight_share
params:  learning_rate__10__decay_0.5
accuracy: 0.278  0.684  0.776  0.802  0.817  0.826  0.836  0.836  0.842  0.846  0.847  0.847  0.851  0.850  0.851  0.854  0.854  0.855  0.854  0.856  
val_accuracy: 0.515  0.752  0.796  0.816  0.829  0.847  0.851  0.847  0.853  0.851  0.858  0.859  0.856  0.860  0.863  0.863  0.860  0.864  0.864  0.864  
last epoch accuracy (test, val) : 0.8555, 0.8644

model:  model3_local_weight_share_basically_CNN
params:  learning_rate__0.1__decay_0.0
accuracy: 0.774  0.907  0.930  0.945  0.956  0.958  0.964  0.971  0.975  0.979  0.983  0.984  0.987  0.989  0.989  0.992  0.994  0.995  0.996  0.995  
val_accuracy: 0.890  0.911  0.940  0.932  0.942  0.955  0.960  0.960  0.963  0.964  0.938  0.968  0.973  0.970  0.966  0.962  0.966  0.966  0.967  0.968  
last epoch accuracy (test, val) : 0.9953, 0.9685

model:  model3_local_weight_share_basically_CNN
params:  learning_rate__0.1__decay_0.005
accuracy: 0.788  0.930  0.952  0.959  0.963  0.969  0.971  0.971  0.975  0.975  0.977  0.976  0.978  0.980  0.981  0.981  0.981  0.982  0.982  0.983  
val_accuracy: 0.914  0.960  0.960  0.973  0.963  0.974  0.966  0.973  0.971  0.967  0.974  0.968  0.970  0.966  0.971  0.973  0.970  0.974  0.970  0.970  
last epoch accuracy (test, val) : 0.9834, 0.9699

model:  model3_local_weight_share_basically_CNN
params:  learning_rate__1__decay_0.0
accuracy: 0.157  0.161  0.164  0.161  0.164  0.157  0.162  0.162  0.161  0.162  0.161  0.162  0.160  0.162  0.161  0.163  0.160  0.162  0.156  0.162  
val_accuracy: 0.162  0.162  0.162  0.162  0.141  0.162  0.162  0.141  0.162  0.162  0.141  0.162  0.162  0.162  0.162  0.162  0.162  0.162  0.162  0.162  
last epoch accuracy (test, val) : 0.1619, 0.1616

model:  model3_local_weight_share_basically_CNN
params:  learning_rate__1__decay_0.05
accuracy: 0.157  0.164  0.164  0.164  0.164  0.164  0.164  0.164  0.164  0.164  0.164  0.164  0.164  0.164  0.164  0.164  0.164  0.164  0.164  0.164  
val_accuracy: 0.162  0.162  0.162  0.162  0.162  0.162  0.162  0.162  0.162  0.162  0.162  0.162  0.162  0.162  0.162  0.162  0.162  0.162  0.162  0.162  
last epoch accuracy (test, val) : 0.1640, 0.1616

model:  model3_local_weight_share_basically_CNN
params:  learning_rate__10__decay_0.0
accuracy: 0.129  0.130  0.138  0.131  0.131  0.131  0.127  0.132  0.130  0.142  0.130  0.124  0.135  0.128  0.136  0.129  0.128  0.124  0.131  0.134  
val_accuracy: 0.141  0.079  0.085  0.162  0.162  0.090  0.141  0.141  0.162  0.141  0.162  0.141  0.162  0.074  0.162  0.162  0.079  0.074  0.162  0.090  
last epoch accuracy (test, val) : 0.1337, 0.0904

model:  model3_local_weight_share_basically_CNN
params:  learning_rate__10__decay_0.5
accuracy: 0.162  0.164  0.164  0.164  0.164  0.164  0.164  0.164  0.164  0.164  0.164  0.164  0.164  0.164  0.164  0.164  0.164  0.164  0.164  0.164  
val_accuracy: 0.162  0.162  0.162  0.162  0.162  0.162  0.162  0.162  0.162  0.162  0.162  0.162  0.162  0.162  0.162  0.162  0.162  0.162  0.162  0.162  
last epoch accuracy (test, val) : 0.1640, 0.1616

