final results for perameter initialization test. 

model:  model1_deep
params:  learning_rate__0.001
accuracy: 0.107  0.129  0.172  0.251  0.319  0.355  0.382  0.399  0.421  0.437  0.458  0.477  0.493  0.506  0.522  0.531  0.547  0.559  0.576  0.591  
val_accuracy: 0.118  0.130  0.203  0.293  0.336  0.370  0.403  0.437  0.456  0.477  0.486  0.505  0.516  0.525  0.537  0.548  0.568  0.586  0.600  0.625  
last epoch accuracy (test, val) : 0.5909, 0.6247

model:  model1_deep
params:  learning_rate__0.01
accuracy: 0.335  0.604  0.756  0.823  0.856  0.875  0.889  0.898  0.906  0.912  0.917  0.922  0.926  0.929  0.931  0.935  0.936  0.940  0.942  0.943  
val_accuracy: 0.478  0.701  0.811  0.844  0.873  0.892  0.908  0.905  0.914  0.922  0.921  0.925  0.930  0.932  0.938  0.936  0.940  0.942  0.947  0.945  
last epoch accuracy (test, val) : 0.9431, 0.9452

model:  model1_deep
params:  learning_rate__0.1
accuracy: 0.703  0.908  0.934  0.945  0.954  0.963  0.968  0.969  0.977  0.979  0.982  0.985  0.986  0.987  0.989  0.994  0.993  0.994  0.993  0.995  
val_accuracy: 0.899  0.921  0.925  0.938  0.947  0.941  0.945  0.959  0.970  0.951  0.949  0.964  0.966  0.956  0.973  0.968  0.968  0.973  0.960  0.967  
last epoch accuracy (test, val) : 0.9951, 0.9671

model:  model1_deep
params:  learning_rate__1
accuracy: 0.382  0.581  0.742  0.688  0.678  0.777  0.812  0.807  0.856  0.881  0.864  0.891  0.903  0.902  0.894  0.904  0.908  0.930  0.926  0.930  
val_accuracy: 0.390  0.581  0.753  0.837  0.816  0.884  0.805  0.690  0.888  0.768  0.814  0.811  0.818  0.899  0.853  0.899  0.933  0.918  0.859  0.929  
last epoch accuracy (test, val) : 0.9300, 0.9288

model:  model1_deep
params:  learning_rate__10
accuracy: 0.163  0.164  0.164  0.164  0.164  0.164  0.164  0.164  0.164  0.164  0.164  0.164  0.164  0.164  0.164  0.164  0.164  0.164  0.164  0.164  
val_accuracy: 0.162  0.162  0.162  0.162  0.162  0.162  0.162  0.162  0.162  0.162  0.162  0.162  0.162  0.162  0.162  0.162  0.162  0.162  0.162  0.162  
last epoch accuracy (test, val) : 0.1640, 0.1616

model:  model2_local_no_weight_share
params:  learning_rate__0.001
accuracy: 0.181  0.164  0.164  0.164  0.164  0.164  0.164  0.164  0.164  0.164  0.164  0.164  0.164  0.164  0.164  0.164  0.164  0.164  0.164  0.164  
val_accuracy: 0.162  0.162  0.162  0.162  0.162  0.162  0.162  0.162  0.162  0.162  0.162  0.162  0.162  0.162  0.162  0.162  0.162  0.162  0.162  0.162  
last epoch accuracy (test, val) : 0.1640, 0.1616

model:  model2_local_no_weight_share
params:  learning_rate__0.01
accuracy: 0.165  0.164  0.164  0.164  0.164  0.164  0.164  0.164  0.164  0.164  0.164  0.164  0.164  0.164  0.164  0.164  0.164  0.164  0.164  0.164  
val_accuracy: 0.162  0.162  0.162  0.162  0.162  0.162  0.162  0.162  0.162  0.162  0.162  0.162  0.162  0.162  0.162  0.162  0.162  0.162  0.162  0.162  
last epoch accuracy (test, val) : 0.1640, 0.1616

model:  model2_local_no_weight_share
params:  learning_rate__0.1
accuracy: 0.169  0.164  0.223  0.299  0.473  0.686  0.772  0.812  0.837  0.854  0.862  0.872  0.881  0.892  0.899  0.909  0.916  0.922  0.925  0.930  
val_accuracy: 0.162  0.162  0.297  0.304  0.612  0.748  0.784  0.814  0.852  0.848  0.866  0.859  0.860  0.890  0.908  0.901  0.922  0.934  0.933  0.938  
last epoch accuracy (test, val) : 0.9300, 0.9384

model:  model2_local_no_weight_share
params:  learning_rate__1
accuracy: 0.396  0.841  0.899  0.929  0.945  0.955  0.962  0.968  0.974  0.978  0.982  0.987  0.989  0.992  0.994  0.996  0.997  0.997  0.995  0.997  
val_accuracy: 0.812  0.836  0.912  0.888  0.955  0.962  0.970  0.971  0.975  0.981  0.958  0.974  0.979  0.974  0.974  0.974  0.977  0.981  0.974  0.981  
last epoch accuracy (test, val) : 0.9973, 0.9808

model:  model2_local_no_weight_share
params:  learning_rate__10
accuracy: 0.134  0.134  0.129  0.137  0.133  0.135  0.131  0.134  0.132  0.135  0.135  0.141  0.134  0.134  0.131  0.128  0.128  0.135  0.128  0.134  
val_accuracy: 0.162  0.079  0.141  0.162  0.162  0.141  0.073  0.141  0.162  0.162  0.141  0.141  0.141  0.111  0.086  0.074  0.162  0.141  0.085  0.141  
last epoch accuracy (test, val) : 0.1338, 0.1411

model:  model3_local_weight_share_basically_CNN
params:  learning_rate__0.001
accuracy: 0.098  0.120  0.149  0.178  0.216  0.285  0.346  0.383  0.419  0.467  0.512  0.556  0.604  0.643  0.676  0.703  0.724  0.744  0.763  0.776  
val_accuracy: 0.100  0.119  0.145  0.174  0.232  0.319  0.362  0.396  0.441  0.475  0.538  0.589  0.629  0.659  0.693  0.712  0.725  0.758  0.770  0.778  
last epoch accuracy (test, val) : 0.7759, 0.7781

model:  model3_local_weight_share_basically_CNN
params:  learning_rate__0.01
accuracy: 0.439  0.839  0.895  0.915  0.925  0.928  0.933  0.937  0.941  0.944  0.945  0.948  0.951  0.954  0.954  0.956  0.958  0.959  0.961  0.964  
val_accuracy: 0.759  0.889  0.907  0.923  0.914  0.930  0.936  0.929  0.938  0.945  0.944  0.948  0.951  0.962  0.958  0.960  0.958  0.959  0.960  0.958  
last epoch accuracy (test, val) : 0.9637, 0.9575

model:  model3_local_weight_share_basically_CNN
params:  learning_rate__0.1
accuracy: 0.774  0.925  0.947  0.959  0.965  0.971  0.974  0.976  0.977  0.978  0.986  0.982  0.986  0.989  0.988  0.989  0.990  0.988  0.993  0.994  
val_accuracy: 0.873  0.903  0.955  0.956  0.970  0.964  0.952  0.968  0.923  0.964  0.964  0.970  0.975  0.971  0.973  0.970  0.967  0.975  0.968  0.970  
last epoch accuracy (test, val) : 0.9936, 0.9699

model:  model3_local_weight_share_basically_CNN
params:  learning_rate__1
accuracy: 0.162  0.162  0.162  0.163  0.163  0.160  0.163  0.164  0.162  0.162  0.162  0.161  0.161  0.162  0.164  0.159  0.165  0.160  0.158  0.162  
val_accuracy: 0.162  0.141  0.162  0.162  0.162  0.162  0.162  0.162  0.162  0.162  0.162  0.162  0.162  0.162  0.162  0.162  0.162  0.162  0.162  0.141  
last epoch accuracy (test, val) : 0.1623, 0.1411

model:  model3_local_weight_share_basically_CNN
params:  learning_rate__10
accuracy: 0.139  0.132  0.133  0.135  0.133  0.133  0.131  0.130  0.136  0.133  0.126  0.130  0.130  0.134  0.133  0.127  0.131  0.136  0.134  0.133  
val_accuracy: 0.141  0.086  0.141  0.090  0.090  0.111  0.099  0.141  0.074  0.141  0.141  0.141  0.141  0.141  0.162  0.162  0.079  0.086  0.086  0.162  
last epoch accuracy (test, val) : 0.1332, 0.1616

