final results for perameter learning rate. 

model:  model1_deep
params:  learning_rate__0.001
accuracy: 0.119  0.171  0.236  0.331  0.381  0.401  0.415  0.430  0.444  0.461  0.470  0.481  0.492  0.501  0.509  0.518  0.530  0.541  0.553  0.567  
val_accuracy: 0.151  0.205  0.288  0.374  0.408  0.423  0.445  0.459  0.473  0.482  0.496  0.504  0.514  0.521  0.533  0.549  0.564  0.575  0.590  0.604  
last epoch accuracy (test, val) : 0.5665, 0.6041

model:  model1_deep
params:  learning_rate__0.01
accuracy: 0.323  0.558  0.730  0.811  0.856  0.877  0.889  0.899  0.908  0.916  0.923  0.927  0.930  0.935  0.938  0.940  0.943  0.945  0.946  0.950  
val_accuracy: 0.470  0.684  0.782  0.841  0.868  0.885  0.903  0.916  0.926  0.930  0.937  0.938  0.941  0.938  0.942  0.942  0.942  0.944  0.949  0.955  
last epoch accuracy (test, val) : 0.9502, 0.9548

model:  model1_deep
params:  learning_rate__0.1
accuracy: 0.672  0.894  0.927  0.937  0.945  0.954  0.961  0.966  0.969  0.975  0.977  0.979  0.980  0.979  0.985  0.988  0.986  0.989  0.989  0.992  
val_accuracy: 0.852  0.919  0.927  0.937  0.936  0.942  0.949  0.947  0.941  0.959  0.959  0.962  0.899  0.959  0.962  0.953  0.960  0.960  0.962  0.956  
last epoch accuracy (test, val) : 0.9921, 0.9562

model:  model1_deep
params:  learning_rate__1
accuracy: 0.207  0.230  0.260  0.164  0.218  0.162  0.159  0.163  0.160  0.212  0.249  0.277  0.316  0.372  0.345  0.498  0.527  0.547  0.511  0.500  
val_accuracy: 0.148  0.248  0.234  0.162  0.162  0.162  0.162  0.141  0.162  0.266  0.226  0.278  0.221  0.403  0.326  0.422  0.512  0.397  0.519  0.459  
last epoch accuracy (test, val) : 0.5002, 0.4589

model:  model1_deep
params:  learning_rate__10
accuracy: 0.102  0.102  0.102  0.102  0.102  0.102  0.102  0.102  0.102  0.102  0.102  0.102  0.102  0.102  0.102  0.102  0.102  0.102  0.102  0.102  
val_accuracy: 0.085  0.085  0.085  0.085  0.085  0.085  0.085  0.085  0.085  0.085  0.085  0.085  0.085  0.085  0.085  0.085  0.085  0.085  0.085  0.085  
last epoch accuracy (test, val) : 0.1020, 0.0849

model:  model2_local_no_weight_share
params:  learning_rate__0.001
accuracy: 0.192  0.164  0.164  0.164  0.164  0.164  0.164  0.164  0.164  0.164  0.164  0.164  0.164  0.164  0.164  0.164  0.164  0.164  0.164  0.164  
val_accuracy: 0.162  0.162  0.162  0.162  0.162  0.162  0.162  0.162  0.162  0.162  0.162  0.162  0.162  0.162  0.162  0.162  0.162  0.162  0.162  0.162  
last epoch accuracy (test, val) : 0.1640, 0.1616

model:  model2_local_no_weight_share
params:  learning_rate__0.01
accuracy: 0.165  0.164  0.164  0.164  0.164  0.164  0.164  0.164  0.164  0.164  0.164  0.164  0.164  0.164  0.164  0.164  0.164  0.164  0.164  0.164  
val_accuracy: 0.162  0.162  0.162  0.162  0.162  0.162  0.162  0.162  0.162  0.162  0.162  0.162  0.162  0.162  0.162  0.162  0.162  0.162  0.162  0.162  
last epoch accuracy (test, val) : 0.1640, 0.1616

model:  model2_local_no_weight_share
params:  learning_rate__0.1
accuracy: 0.164  0.164  0.210  0.298  0.468  0.714  0.780  0.816  0.836  0.853  0.861  0.868  0.873  0.882  0.883  0.892  0.896  0.904  0.905  0.913  
val_accuracy: 0.162  0.292  0.300  0.303  0.648  0.758  0.805  0.842  0.851  0.867  0.862  0.874  0.882  0.884  0.893  0.897  0.904  0.911  0.914  0.922  
last epoch accuracy (test, val) : 0.9130, 0.9219

model:  model2_local_no_weight_share
params:  learning_rate__1
accuracy: 0.395  0.832  0.881  0.927  0.948  0.957  0.962  0.974  0.975  0.981  0.982  0.982  0.987  0.990  0.992  0.995  0.997  0.998  0.999  0.999  
val_accuracy: 0.723  0.873  0.914  0.937  0.948  0.967  0.975  0.971  0.975  0.959  0.979  0.977  0.981  0.977  0.973  0.985  0.982  0.978  0.982  0.981  
last epoch accuracy (test, val) : 0.9994, 0.9808

model:  model2_local_no_weight_share
params:  learning_rate__10
accuracy: 0.124  0.136  0.131  0.138  0.135  0.130  0.132  0.130  0.134  0.129  0.130  0.128  0.133  0.134  0.134  0.130  0.135  0.136  0.130  0.140  
val_accuracy: 0.085  0.141  0.141  0.162  0.090  0.141  0.090  0.099  0.085  0.162  0.162  0.162  0.141  0.074  0.079  0.162  0.141  0.162  0.141  0.162  
last epoch accuracy (test, val) : 0.1398, 0.1616

model:  model3_local_weight_share_basically_CNN
params:  learning_rate__0.001
accuracy: 0.193  0.307  0.378  0.441  0.505  0.562  0.616  0.666  0.698  0.725  0.748  0.765  0.781  0.794  0.805  0.816  0.822  0.831  0.839  0.842  
val_accuracy: 0.267  0.349  0.414  0.481  0.548  0.611  0.667  0.715  0.741  0.759  0.773  0.790  0.801  0.814  0.822  0.827  0.832  0.840  0.844  0.855  
last epoch accuracy (test, val) : 0.8418, 0.8548

model:  model3_local_weight_share_basically_CNN
params:  learning_rate__0.01
accuracy: 0.415  0.787  0.860  0.879  0.894  0.900  0.905  0.913  0.915  0.922  0.928  0.927  0.933  0.937  0.940  0.941  0.944  0.949  0.951  0.953  
val_accuracy: 0.678  0.856  0.885  0.888  0.899  0.907  0.916  0.921  0.908  0.919  0.930  0.936  0.938  0.940  0.938  0.948  0.944  0.940  0.945  0.953  
last epoch accuracy (test, val) : 0.9532, 0.9534

model:  model3_local_weight_share_basically_CNN
params:  learning_rate__0.1
accuracy: 0.792  0.920  0.948  0.961  0.965  0.969  0.975  0.974  0.979  0.982  0.985  0.988  0.990  0.989  0.990  0.995  0.995  0.995  0.993  0.997  
val_accuracy: 0.918  0.896  0.941  0.959  0.960  0.952  0.963  0.966  0.966  0.966  0.971  0.964  0.958  0.958  0.968  0.973  0.970  0.821  0.974  0.974  
last epoch accuracy (test, val) : 0.9973, 0.9740

model:  model3_local_weight_share_basically_CNN
params:  learning_rate__1
accuracy: 0.170  0.163  0.163  0.160  0.161  0.161  0.162  0.163  0.162  0.161  0.161  0.160  0.164  0.160  0.162  0.162  0.160  0.163  0.162  0.161  
val_accuracy: 0.162  0.162  0.162  0.141  0.162  0.162  0.162  0.162  0.141  0.141  0.162  0.162  0.162  0.162  0.162  0.162  0.162  0.162  0.162  0.162  
last epoch accuracy (test, val) : 0.1614, 0.1616

model:  model3_local_weight_share_basically_CNN
params:  learning_rate__10
accuracy: 0.121  0.131  0.136  0.139  0.130  0.137  0.130  0.137  0.133  0.136  0.125  0.130  0.134  0.135  0.138  0.133  0.127  0.129  0.132  0.132  
val_accuracy: 0.162  0.162  0.162  0.099  0.162  0.162  0.085  0.085  0.162  0.085  0.141  0.086  0.162  0.086  0.162  0.141  0.141  0.141  0.162  0.162  
last epoch accuracy (test, val) : 0.1321, 0.1616

